0.001   4.174116719558584   3.146640860490419   3.133006244668149
0.002   2.087058359779292   1.5733204302452095   1.5665031223340744
0.003   1.3913722398528614   1.0488802868301397   1.0443354148893829
0.004   1.043529179889646   0.7866602151226048   0.7832515611670372
0.005   0.8348233439117168   0.6293281720980838   0.6266012489336298
0.006   0.6956861199264307   0.5244401434150698   0.5221677074446914
0.007   0.5963023885083691   0.4495201229272027   0.4475723206668784
0.008   0.521764589944823   0.3933301075613024   0.3916257805835186
0.009   0.4637907466176205   0.34962676227671324   0.34811180496312766
0.01   0.4174116719558584   0.3146640860490419   0.3133006244668149
0.011   0.37946515632350764   0.28605826004458357   0.2848187495152863
0.012   0.34784305996321535   0.2622200717075349   0.2610838537223457
0.013   0.3210859015045065   0.24204929696080146   0.2410004803590884
0.014   0.29815119425418457   0.22476006146360136   0.2237861603334392
0.015   0.27827444797057227   0.20977605736602795   0.2088670829778766
0.016   0.2608822949724115   0.1966650537806512   0.1958128902917593
0.017   0.24553627762109315   0.18509652120531875   0.18429448498047932
0.018   0.23189537330881024   0.17481338113835662   0.17405590248156383
0.019   0.2196903536609781   0.16561267686791678   0.16489506550884994
0.02   0.2087058359779292   0.15733204302452095   0.15665031223340745
0.021   0.19876746283612304   0.14984004097573422   0.14919077355562613
0.022   0.18973257816175382   0.14302913002229178   0.14240937475764315
0.023   0.1814833356329819   0.13681047219523562   0.13621766281165865
0.024   0.17392152998160768   0.13111003585376746   0.13054192686117286
0.025   0.16696466878234334   0.12586563441961676   0.12532024978672596
0.026   0.16054295075225325   0.12102464848040073   0.1205002401795442
0.027   0.15459691553920682   0.11654225409223774   0.11603726832104255
0.028   0.14907559712709229   0.11238003073180068   0.1118930801667196
0.029   0.14393505929512357   0.1085048572582903   0.10803469809200512
0.03   0.13913722398528613   0.10488802868301397   0.1044335414889383
0.031   0.13464892643737367   0.10150454388678772   0.10106471756994029
0.032   0.13044114748620575   0.0983325268903256   0.09790644514587965
0.033   0.1264883854411692   0.09535275334819451   0.09493958317176208
0.034   0.12276813881054657   0.09254826060265937   0.09214724249023966
0.035   0.11926047770167382   0.08990402458544053   0.08951446413337567
0.036   0.11594768665440512   0.08740669056917831   0.08702795124078191
0.037   0.11281396539347525   0.08504434758082213   0.08467584445049052
0.038   0.10984517683048906   0.08280633843395839   0.08244753275442497
0.039   0.10702863383483549   0.08068309898693382   0.08033349345302945
0.04   0.1043529179889646   0.07866602151226047   0.07832515611670372
0.041   0.10180772486728253   0.07674733806074192   0.0764147864553207
0.042   0.09938373141806152   0.07492002048786711   0.07459538677781306
0.043   0.09707248185019964   0.07317769443000975   0.07286061034111975
0.044   0.09486628908087691   0.07151456501114589   0.07120468737882157
0.045   0.0927581493235241   0.06992535245534265   0.06962236099262553
0.046   0.09074166781649096   0.06840523609761781   0.06810883140582932
0.047   0.08881099403316137   0.06694980554234933   0.06665970733336486
0.048   0.08696076499080384   0.06555501792688373   0.06527096343058643
0.049   0.0851860555011956   0.06421716041817181   0.0639389029524112
0.05   0.08348233439117167   0.06293281720980838   0.06266012489336298
0.051   0.08184542587369772   0.061698840401772925   0.06143149499349312
0.052   0.08027147537612662   0.060512324240200366   0.0602501200897721
0.053   0.07875691923695442   0.05937058227340413   0.05911332537109715
0.054   0.07729845776960341   0.05827112704611887   0.058018634160521276
0.055   0.07589303126470152   0.05721165200891671   0.05696374990305725
0.056   0.07453779856354614   0.05619001536590034   0.0559465400833598
0.057   0.0732301178869927   0.05520422562263893   0.05496502183628331
0.058   0.07196752964756178   0.05425242862914515   0.05401734904600256
0.059   0.07074774100946753   0.05333289594051558   0.05310180075708727
0.06   0.06956861199264307   0.052444014341506986   0.05221677074446915
0.061   0.06842814294358335   0.051584276401482276   0.05136075810931392
0.062   0.06732446321868683   0.05075227194339386   0.050532358784970144
0.063   0.06625582094537436   0.04994668032524475   0.049730257851875376
0.064   0.06522057374310287   0.0491662634451628   0.048953222572939825
0.065   0.06421718030090129   0.04840985939216029   0.048200096071817675
0.066   0.0632441927205846   0.04767637667409726   0.04746979158588104
0.067   0.062300249545650506   0.046964788962543566   0.04676128723385296
0.068   0.06138406940527329   0.04627413030132969   0.04607362124511983
0.069   0.060494445210993966   0.045603490731745196   0.04540588760388621
0.07   0.05963023885083691   0.044952012292720264   0.04475723206668784
0.071   0.05879037633181105   0.04431888535901999   0.04412684851645281
0.072   0.05797384332720256   0.043703345284589155   0.04351397562039096
0.073   0.05717968108984362   0.04310466932178656   0.04291789376257738
0.074   0.05640698269673763   0.042522173790411066   0.04233792222524526
0.075   0.05565488959411446   0.041955211473205585   0.04177341659557532
0.076   0.05492258841524453   0.041403169216979195   0.041223766377212485
0.077   0.054209308046215376   0.04086546572065479   0.040688392787898035
0.078   0.053514316917417745   0.04034154949346691   0.04016674672651473
0.079   0.05283692050074157   0.03983089696823315   0.03965830689453353
0.08   0.0521764589944823   0.039333010756130236   0.03916257805835186
0.081   0.0515323051797356   0.038847418030745914   0.038679089440347515
0.082   0.05090386243364126   0.03837366903037096   0.03820739322766035
0.083   0.050290562886247996   0.03791133566855926   0.03774706318877288
0.084   0.04969186570903076   0.037460010243933556   0.03729769338890653
0.085   0.04910725552421863   0.03701930424106375   0.03685889699609587
0.086   0.04853624092509982   0.036588847215004876   0.036430305170559875
0.087   0.04797835309837453   0.036168285752763436   0.03601156603066838
0.088   0.047433144540438454   0.035757282505572946   0.03560234368941079
0.089   0.04690018786020881   0.035355515286409206   0.0352023173558219
0.09   0.04637907466176205   0.034962676227671324   0.034811180496312766
0.091   0.04586941450064378   0.03457847099440021   0.03442864005129834
0.092   0.04537083390824548   0.034202618048808905   0.03405441570291466
0.093   0.04488297547912456   0.03383484796226257   0.033688239189980096
0.094   0.04440549701658068   0.03347490277117467   0.03332985366668243
0.095   0.04393807073219562   0.03312253537358336   0.03297901310176999
0.096   0.04348038249540192   0.032777508963441865   0.032635481715293214
0.097   0.043032131129469936   0.032439596499901226   0.0322990334501871
0.098   0.0425930277505978   0.032108580209085906   0.0319694514762056
0.099   0.042162795147056405   0.03178425111606484   0.031646527723920695
0.1   0.041741167195585835   0.03146640860490419   0.03133006244668149
0.101   0.041327888312461224   0.031154860004855633   0.031019863808595532
0.102   0.04092271293684886   0.030849420200886463   0.03071574749674656
0.103   0.0405254050442581   0.030549911266897274   0.030417536356001446
0.104   0.04013573768806331   0.030256162120100183   0.03012506004488605
0.105   0.03975349256722461   0.029968008195146847   0.029838154711125227
0.106   0.03937845961847721   0.029685291136702065   0.029556662685548574
0.107   0.03901043663138864   0.029407858509256254   0.02928043219316027
0.108   0.038649228884801705   0.029135563523059436   0.029009317080260638
0.109   0.03829464880328976   0.02886826477514146   0.02874317655658852
0.11   0.03794651563235076   0.028605826004458355   0.028481874951528624
