0.00016903085094570333
0.00033806170189140666
0.00050709255283711
0.0006761234037828133
0.0008451542547285167
0.00101418510567422
0.0011832159566199233
0.0013522468075656267
0.00152127765851133
0.0016903085094570334
0.0018593393604027367
0.00202837021134844
0.0021974010622941432
0.0023664319132398466
0.00253546276418555
0.0027044936151312533
0.0028735244660769567
0.00304255531702266
0.0032115861679683634
0.0033806170189140668
0.00354964786985977
0.0037186787208054735
0.003887709571751177
0.00405674042269688
0.004225771273642583
0.0043948021245882865
0.00456383297553399
0.004732863826479693
0.0049018946774253966
0.0050709255283711
0.005239956379316803
0.005408987230262507
0.00557801808120821
0.005747048932153913
0.005916079783099617
0.00608511063404532
0.006254141484991023
0.006423172335936727
0.00659220318688243
0.0067612340378281335
0.006930264888773837
0.00709929573971954
0.007268326590665244
0.007437357441610947
0.00760638829255665
0.007775419143502354
0.007944449994448056
0.00811348084539376
0.008282511696339463
0.008451542547285166
0.00862057339823087
0.008789604249176573
0.008958635100122276
0.00912766595106798
0.009296696802013683
0.009465727652959386
0.00963475850390509
0.009803789354850793
0.009972820205796496
0.0101418510567422
0.010310881907687903
0.010479912758633607
0.01064894360957931
0.010817974460525013
0.010987005311470717
0.01115603616241642
0.011325067013362123
0.011494097864307827
0.01166312871525353
0.011832159566199233
0.012001190417144937
0.01217022126809064
0.012339252119036343
0.012508282969982047
0.01267731382092775
0.012846344671873454
0.013015375522819157
0.01318440637376486
0.013353437224710564
0.013522468075656267
0.01369149892660197
0.013860529777547674
0.014029560628493377
0.01419859147943908
0.014367622330384784
0.014536653181330487
0.01470568403227619
0.014874714883221894
0.015043745734167597
0.0152127765851133
0.015381807436059004
0.015550838287004707
0.01571986913795041
0.015888899988896112
0.016057930839841816
0.01622696169078752
0.016395992541733222
0.016565023392678926
0.01673405424362463
0.016903085094570332
0.017072115945516036
0.01724114679646174
0.017410177647407443
0.017579208498353146
0.01774823934929885
0.017917270200244553
0.018086301051190256
0.01825533190213596
0.018424362753081663
0.018593393604027366
0.01876242445497307
0.018931455305918773
0.019100486156864476
0.01926951700781018
0.019438547858755883
0.019607578709701586
0.01977660956064729
0.019945640411592993
0.020114671262538696
0.0202837021134844
0.020452732964430103
0.020621763815375806
0.02079079466632151
0.020959825517267213
0.021128856368212916
0.02129788721915862
0.021466918070104323
0.021635948921050027
0.02180497977199573
0.021974010622941433
0.022143041473887137
0.02231207232483284
0.022481103175778543
0.022650134026724247
0.02281916487766995
0.022988195728615653
0.023157226579561357
0.02332625743050706
0.023495288281452763
0.023664319132398467
0.02383334998334417
0.024002380834289874
0.024171411685235577
0.02434044253618128
0.024509473387126984
0.024678504238072687
0.02484753508901839
0.025016565939964094
0.025185596790909797
0.0253546276418555
0.025523658492801204
0.025692689343746907
0.02586172019469261
0.026030751045638314
0.026199781896584017
0.02636881274752972
0.026537843598475424
0.026706874449421127
0.02687590530036683
0.027044936151312534
0.027213967002258237
0.02738299785320394
0.027552028704149644
0.027721059555095347
0.02789009040604105
0.028059121256986754
0.028228152107932458
0.02839718295887816
0.028566213809823864
0.028735244660769568
0.02890427551171527
0.029073306362660974
0.029242337213606678
0.02941136806455238
0.029580398915498084
0.029749429766443788
0.02991846061738949
0.030087491468335194
0.030256522319280898
0.0304255531702266
0.030594584021172305
0.030763614872118008
0.03093264572306371
0.031101676574009415
0.031270707424955115
0.03143973827590082
0.03160876912684652
0.031777799977792225
0.03194683082873793
0.03211586167968363
0.032284892530629335
0.03245392338157504
0.03262295423252074
0.032791985083466445
0.03296101593441215
0.03313004678535785
0.033299077636303555
0.03346810848724926
0.03363713933819496
0.033806170189140665
0.03397520104008637
0.03414423189103207
0.034313262741977775
0.03448229359292348
0.03465132444386918
0.034820355294814885
0.03498938614576059
0.03515841699670629
0.035327447847651995
0.0354964786985977
0.0356655095495434
0.035834540400489105
0.03600357125143481
0.03617260210238051
0.036341632953326215
0.03651066380427192
0.03667969465521762
0.036848725506163325
0.03701775635710903
0.03718678720805473
0.037355818059000435
0.03752484890994614
0.03769387976089184
0.037862910611837546
0.03803194146278325
0.03820097231372895
0.038370003164674656
0.03853903401562036
0.03870806486656606
0.038877095717511766
0.03904612656845747
0.03921515741940317
0.039384188270348876
0.03955321912129458
0.03972224997224028
0.039891280823185986
0.04006031167413169
0.04022934252507739
0.040398373376023096
0.0405674042269688
0.0407364350779145
0.040905465928860206
0.04107449677980591
0.04124352763075161
0.041412558481697316
0.04158158933264302
0.04175062018358872
0.041919651034534426
0.04208868188548013
0.04225771273642583
0.042426743587371536
0.04259577443831724
0.04276480528926294
0.042933836140208646
0.04310286699115435
0.04327189784210005
0.043440928693045756
0.04360995954399146
0.04377899039493716
0.043948021245882866
0.04411705209682857
0.04428608294777427
0.04445511379871998
0.04462414464966568
0.04479317550061138
0.04496220635155709
0.04513123720250279
0.04530026805344849
0.0454692989043942
0.0456383297553399
0.0458073606062856
0.04597639145723131
0.04614542230817701
0.046314453159122713
0.04648348401006842
0.04665251486101412
0.046821545711959824
0.04699057656290553
0.04715960741385123
0.047328638264796934
0.04749766911574264
0.04766669996668834
0.047835730817634044
0.04800476166857975
0.04817379251952545
0.048342823370471154
0.04851185422141686
0.04868088507236256
0.048849915923308264
0.04901894677425397
0.04918797762519967
0.049357008476145374
0.04952603932709108
0.04969507017803678
0.049864101028982484
0.05003313187992819
0.05020216273087389
0.050371193581819594
0.0505402244327653
0.050709255283711
0.050878286134656704
0.05104731698560241
0.05121634783654811
0.051385378687493814
0.05155440953843952
0.05172344038938522
0.051892471240330924
0.05206150209127663
0.05223053294222233
0.052399563793168034
0.05256859464411374
0.05273762549505944
0.052906656346005144
0.05307568719695085
0.05324471804789655
0.053413748898842255
0.05358277974978796
0.05375181060073366
0.053920841451679365
0.05408987230262507
0.05425890315357077
0.054427934004516475
0.05459696485546218
0.05476599570640788
0.054935026557353585
0.05510405740829929
0.05527308825924499
0.055442119110190695
0.0556111499611364
0.0557801808120821
0.055949211663027805
0.05611824251397351
0.05628727336491921
0.056456304215864915
0.05662533506681062
0.05679436591775632
0.056963396768702025
0.05713242761964773
0.05730145847059343
0.057470489321539135
0.05763952017248484
0.05780855102343054
0.057977581874376245
0.05814661272532195
0.05831564357626765
0.058484674427213355
0.05865370527815906
0.05882273612910476
0.058991766980050465
0.05916079783099617
0.05932982868194187
0.059498859532887576
0.05966789038383328
0.05983692123477898
0.060005952085724686
0.06017498293667039
0.06034401378761609
0.060513044638561796
0.0606820754895075
0.0608511063404532
0.061020137191398906
0.06118916804234461
0.06135819889329031
0.061527229744236016
0.06169626059518172
0.06186529144612742
0.062034322297073126
0.06220335314801883
0.06237238399896453
0.06254141484991023
0.06271044570085593
0.06287947655180164
0.06304850740274734
0.06321753825369304
0.06338656910463875
0.06355559995558445
0.06372463080653015
0.06389366165747586
0.06406269250842156
0.06423172335936726
0.06440075421031297
0.06456978506125867
0.06473881591220437
0.06490784676315008
0.06507687761409578
0.06524590846504148
0.06541493931598719
0.06558397016693289
0.06575300101787859
0.0659220318688243
0.06609106271977
0.0662600935707157
0.0664291244216614
0.06659815527260711
0.06676718612355281
0.06693621697449852
0.06710524782544422
0.06727427867638992
0.06744330952733563
0.06761234037828133
0.06778137122922703
0.06795040208017274
0.06811943293111844
0.06828846378206414
0.06845749463300985
0.06862652548395555
0.06879555633490125
0.06896458718584696
0.06913361803679266
0.06930264888773836
0.06947167973868407
0.06964071058962977
0.06980974144057547
0.06997877229152118
0.07014780314246688
0.07031683399341258
0.07048586484435829
0.07065489569530399
0.0708239265462497
0.0709929573971954
0.0711619882481411
0.0713310190990868
0.07150004995003251
0.07166908080097821
0.07183811165192391
0.07200714250286962
0.07217617335381532
0.07234520420476102
0.07251423505570673
0.07268326590665243
0.07285229675759813
0.07302132760854384
0.07319035845948954
0.07335938931043524
0.07352842016138095
0.07369745101232665
0.07386648186327235
0.07403551271421806
0.07420454356516376
0.07437357441610946
0.07454260526705517
0.07471163611800087
0.07488066696894657
0.07504969781989228
0.07521872867083798
0.07538775952178368
0.07555679037272939
0.07572582122367509
0.0758948520746208
0.0760638829255665
0.0762329137765122
0.0764019446274579
0.07657097547840361
0.07674000632934931
0.07690903718029501
0.07707806803124072
0.07724709888218642
0.07741612973313212
0.07758516058407783
0.07775419143502353
0.07792322228596923
0.07809225313691494
0.07826128398786064
0.07843031483880634
0.07859934568975205
0.07876837654069775
0.07893740739164345
0.07910643824258916
0.07927546909353486
0.07944449994448056
0.07961353079542627
0.07978256164637197
0.07995159249731768
0.08012062334826338
0.08028965419920908
0.08045868505015479
0.08062771590110049
0.08079674675204619
0.0809657776029919
0.0811348084539376
0.0813038393048833
0.081472870155829
0.08164190100677471
0.08181093185772041
0.08197996270866612
0.08214899355961182
0.08231802441055752
0.08248705526150323
0.08265608611244893
0.08282511696339463
0.08299414781434034
0.08316317866528604
0.08333220951623174
0.08350124036717745
0.08367027121812315
0.08383930206906885
0.08400833292001456
0.08417736377096026
0.08434639462190596
0.08451542547285167
0.08468445632379737
0.08485348717474307
0.08502251802568878
0.08519154887663448
0.08536057972758018
0.08552961057852589
0.08569864142947159
0.08586767228041729
0.086036703131363
0.0862057339823087
0.0863747648332544
0.0865437956842001
0.08671282653514581
0.08688185738609151
0.08705088823703722
0.08721991908798292
0.08738894993892862
0.08755798078987433
0.08772701164082003
0.08789604249176573
0.08806507334271144
0.08823410419365714
0.08840313504460284
0.08857216589554855
0.08874119674649425
0.08891022759743995
0.08907925844838566
0.08924828929933136
0.08941732015027706
0.08958635100122277
0.08975538185216847
0.08992441270311417
0.09009344355405988
0.09026247440500558
0.09043150525595128
0.09060053610689699
0.09076956695784269
0.0909385978087884
0.0911076286597341
0.0912766595106798
0.0914456903616255
0.0916147212125712
0.09178375206351691
0.09195278291446261
0.09212181376540832
0.09229084461635402
0.09245987546729972
0.09262890631824543
0.09279793716919113
0.09296696802013683
0.09313599887108254
0.09330502972202824
0.09347406057297394
0.09364309142391965
0.09381212227486535
0.09398115312581105
0.09415018397675676
0.09431921482770246
0.09448824567864816
0.09465727652959387
0.09482630738053957
0.09499533823148527
0.09516436908243098
0.09533339993337668
0.09550243078432238
0.09567146163526809
0.09584049248621379
0.0960095233371595
0.0961785541881052
0.0963475850390509
0.0965166158899966
0.09668564674094231
0.09685467759188801
0.09702370844283371
0.09719273929377942
0.09736177014472512
0.09753080099567082
0.09769983184661653
0.09786886269756223
0.09803789354850793
0.09820692439945364
0.09837595525039934
0.09854498610134504
0.09871401695229075
0.09888304780323645
0.09905207865418215
0.09922110950512786
0.09939014035607356
0.09955917120701926
0.09972820205796497
0.09989723290891067
0.10006626375985637
0.10023529461080208
0.10040432546174778
0.10057335631269348
0.10074238716363919
0.10091141801458489
0.1010804488655306
0.1012494797164763
0.101418510567422
0.1015875414183677
0.10175657226931341
0.10192560312025911
0.10209463397120482
0.10226366482215052
0.10243269567309622
0.10260172652404193
0.10277075737498763
0.10293978822593333
0.10310881907687904
0.10327784992782474
0.10344688077877044
0.10361591162971615
0.10378494248066185
0.10395397333160755
0.10412300418255326
0.10429203503349896
0.10446106588444466
0.10463009673539037
0.10479912758633607
0.10496815843728177
0.10513718928822748
0.10530622013917318
0.10547525099011888
0.10564428184106459
0.10581331269201029
0.10598234354295599
0.1061513743939017
0.1063204052448474
0.1064894360957931
0.1066584669467388
0.10682749779768451
0.10699652864863021
0.10716555949957592
0.10733459035052162
0.10750362120146732
0.10767265205241303
0.10784168290335873
0.10801071375430443
0.10817974460525014
0.10834877545619584
0.10851780630714154
0.10868683715808725
0.10885586800903295
0.10902489885997865
0.10919392971092436
0.10936296056187006
0.10953199141281576
0.10970102226376147
0.10987005311470717
0.11003908396565287
0.11020811481659858
0.11037714566754428
0.11054617651848998
0.11071520736943569
0.11088423822038139
0.1110532690713271
0.1112222999222728
0.1113913307732185
0.1115603616241642
0.1117293924751099
0.11189842332605561
0.11206745417700131
0.11223648502794702
0.11240551587889272
0.11257454672983842
0.11274357758078413
0.11291260843172983
0.11308163928267553
0.11325067013362124
0.11341970098456694
0.11358873183551264
0.11375776268645835
0.11392679353740405
0.11409582438834975
0.11426485523929546
0.11443388609024116
0.11460291694118686
0.11477194779213257
0.11494097864307827
0.11511000949402397
0.11527904034496968
0.11544807119591538
0.11561710204686108
0.11578613289780679
0.11595516374875249
0.1161241945996982
0.1162932254506439
0.1164622563015896
0.1166312871525353
0.11680031800348101
0.11696934885442671
0.11713837970537241
0.11730741055631812
0.11747644140726382
0.11764547225820952
0.11781450310915523
0.11798353396010093
0.11815256481104663
0.11832159566199234
0.11849062651293804
0.11865965736388374
0.11882868821482945
0.11899771906577515
0.11916674991672085
0.11933578076766656
0.11950481161861226
0.11967384246955796
0.11984287332050367
0.12001190417144937
0.12018093502239507
0.12034996587334078
0.12051899672428648
0.12068802757523218
0.12085705842617789
0.12102608927712359
0.1211951201280693
0.121364150979015
0.1215331818299607
0.1217022126809064
0.12187124353185211
0.12204027438279781
0.12220930523374351
0.12237833608468922
0.12254736693563492
0.12271639778658062
0.12288542863752633
0.12305445948847203
0.12322349033941773
0.12339252119036344
0.12356155204130914
0.12373058289225485
0.12389961374320055
0.12406864459414625
0.12423767544509196
0.12440670629603766
0.12457573714698336
0.12474476799792907
0.12491379884887477
0.12508282969982046
0.12525186055076618
0.12542089140171186
0.12558992225265758
0.12575895310360327
0.125927983954549
0.12609701480549468
0.1262660456564404
0.12643507650738608
0.1266041073583318
0.1267731382092775
0.1269421690602232
0.1271111999111689
0.12728023076211462
0.1274492616130603
0.12761829246400602
0.1277873233149517
0.12795635416589743
0.12812538501684312
0.12829441586778884
0.12846344671873453
0.12863247756968024
0.12880150842062593
0.12897053927157165
0.12913957012251734
0.12930860097346306
0.12947763182440875
0.12964666267535446
0.12981569352630015
0.12998472437724587
0.13015375522819156
0.13032278607913728
0.13049181693008297
0.13066084778102868
0.13082987863197437
0.1309989094829201
0.13116794033386578
0.1313369711848115
0.13150600203575719
0.1316750328867029
0.1318440637376486
0.1320130945885943
0.13218212543954
0.13235115629048572
0.1325201871414314
0.13268921799237712
0.1328582488433228
0.13302727969426853
0.13319631054521422
0.13336534139615994
0.13353437224710563
0.13370340309805134
0.13387243394899703
0.13404146479994275
0.13421049565088844
0.13437952650183416
0.13454855735277985
0.13471758820372556
0.13488661905467125
0.13505564990561697
0.13522468075656266
0.13539371160750838
0.13556274245845407
0.13573177330939978
0.13590080416034547
0.1360698350112912
0.13623886586223688
0.1364078967131826
0.1365769275641283
0.136745958415074
0.1369149892660197
0.1370840201169654
0.1372530509679111
0.13742208181885682
0.1375911126698025
0.13776014352074822
0.1379291743716939
0.13809820522263963
0.13826723607358532
0.13843626692453104
0.13860529777547673
0.13877432862642244
0.13894335947736813
0.13911239032831385
0.13928142117925954
0.13945045203020526
0.13961948288115095
0.13978851373209666
0.13995754458304235
0.14012657543398807
0.14029560628493376
0.14046463713587948
0.14063366798682517
0.14080269883777088
0.14097172968871657
0.1411407605396623
0.14130979139060798
0.1414788222415537
0.1416478530924994
0.1418168839434451
0.1419859147943908
0.1421549456453365
0.1423239764962822
0.14249300734722792
0.1426620381981736
0.14283106904911932
0.14300009990006501
0.14316913075101073
0.14333816160195642
0.14350719245290214
0.14367622330384783
0.14384525415479354
0.14401428500573923
0.14418331585668495
0.14435234670763064
0.14452137755857636
0.14469040840952205
0.14485943926046776
0.14502847011141345
0.14519750096235917
0.14536653181330486
0.14553556266425058
0.14570459351519627
0.14587362436614199
0.14604265521708767
0.1462116860680334
0.14638071691897908
0.1465497477699248
0.1467187786208705
0.1468878094718162
0.1470568403227619
0.1472258711737076
0.1473949020246533
0.14756393287559902
0.1477329637265447
0.14790199457749043
0.14807102542843611
0.14824005627938183
0.14840908713032752
0.14857811798127324
0.14874714883221893
0.14891617968316465
0.14908521053411034
0.14925424138505605
0.14942327223600174
0.14959230308694746
0.14976133393789315
0.14993036478883887
0.15009939563978456
0.15026842649073027
0.15043745734167596
0.15060648819262168
0.15077551904356737
0.15094454989451309
0.15111358074545878
0.1512826115964045
0.15145164244735018
0.1516206732982959
0.1517897041492416
0.1519587350001873
0.152127765851133
0.1522967967020787
0.1524658275530244
0.15263485840397012
0.1528038892549158
0.15297292010586153
0.15314195095680722
0.15331098180775293
0.15348001265869862
0.15364904350964434
0.15381807436059003
0.15398710521153575
0.15415613606248144
0.15432516691342715
0.15449419776437284
0.15466322861531856
0.15483225946626425
0.15500129031720997
0.15517032116815566
0.15533935201910137
0.15550838287004706
0.15567741372099278
0.15584644457193847
0.1560154754228842
0.15618450627382988
0.1563535371247756
0.15652256797572128
0.156691598826667
0.1568606296776127
0.1570296605285584
0.1571986913795041
0.1573677222304498
0.1575367530813955
0.15770578393234122
0.1578748147832869
0.15804384563423263
0.15821287648517832
0.15838190733612403
0.15855093818706972
0.15871996903801544
0.15888899988896113
0.15905803073990685
0.15922706159085254
0.15939609244179825
0.15956512329274394
0.15973415414368966
0.15990318499463535
0.16007221584558107
0.16024124669652676
0.16041027754747247
0.16057930839841816
0.16074833924936388
0.16091737010030957
0.1610864009512553
0.16125543180220098
0.1614244626531467
0.16159349350409238
0.1617625243550381
0.1619315552059838
0.1621005860569295
0.1622696169078752
0.16243864775882091
0.1626076786097666
0.16277670946071232
0.162945740311658
0.16311477116260373
0.16328380201354942
0.16345283286449513
0.16362186371544082
0.16379089456638654
0.16395992541733223
0.16412895626827795
0.16429798711922364
0.16446701797016935
0.16463604882111504
0.16480507967206076
0.16497411052300645
0.16514314137395217
0.16531217222489786
0.16548120307584357
0.16565023392678926
0.16581926477773498
0.16598829562868067
0.1661573264796264
0.16632635733057208
0.1664953881815178
0.16666441903246348
0.1668334498834092
0.1670024807343549
0.1671715115853006
0.1673405424362463
0.16750957328719202
0.1676786041381377
0.16784763498908342
0.1680166658400291
0.16818569669097483
0.16835472754192052
0.16852375839286624
0.16869278924381192
0.16886182009475764
